component	kappa	rho	variance explained	normalized variance explained	countsigFR2	countsigFS0	dice_FR2	dice_FS0	countnoise	signal-noise_t	signal-noise_p	d_table_score	d_table_score_scrub	classification	rationale
0	94.503653	8.273931	0.644560	0.703841	8423.000000	2547.000000	0.715744	0.369413	1644	32.567233	0.000000	36	26.000000	accepted	
1	92.656552	8.195826	0.711676	0.593323	11186.000000	3574.000000	0.753645	0.342156	1663	26.428472	0.000000	23	18.000000	accepted	
2	91.131969	9.165041	1.514007	0.935768	10995.000000	3344.000000	0.745749	0.376974	1733	27.173364	0.000000	27	22.000000	accepted	
3	64.360388	8.434264	0.900743	0.669243	9818.000000	3278.000000	0.750914	0.373623	2544	42.101398	0.000000	24	17.000000	accepted	
4	64.226045	8.943818	0.790965	0.678043	9371.000000	2376.000000	0.723656	0.293851	2195	39.057028	0.000000	32	24.000000	accepted	
5	59.511111	7.942282	0.599088	0.505288	8759.000000	2522.000000	0.715287	0.380602	2748	46.757201	0.000000	41	29.000000	accepted	
6	57.703930	8.112997	0.974692	0.991425	12439.000000	3731.000000	0.742632	0.317624	2605	37.925314	0.000000	30	25.000000	accepted	
7	50.432254	7.927924	0.426178	0.748505	7152.000000	1373.000000	0.620616	0.254289	1938	40.034022	0.000000	50	39.000000	accepted	
8	48.297048	8.607350	0.642555	0.566517	9005.000000	2152.000000	0.689992	0.235110	3307	33.208872	0.000000	67	50.000000	accepted	
9	47.638402	23.805148	2.588709	2.313245	14641.000000	8002.000000	0.568521	0.312806	2481	0.564479	0.572456	82		rejected	I007
10	43.790019	8.639533	0.529602	0.432104	7175.000000	2605.000000	0.695807	0.345192	2947	40.082684	0.000000	60	44.000000	accepted	
11	40.863975	11.857617	3.652236	1.656361	9103.000000	1533.000000	0.472280	0.012993	2672	-9.415204	0.000000	383		rejected	I005
12	40.256909	22.138579	31.417306	22.293964	20370.000000	10324.000000	0.588796	0.297479	3716	-4.854773	0.000004	382		rejected	I005
13	39.338927	8.836977	0.356674	0.425987	6994.000000	1610.000000	0.690998	0.308068	2489	35.181456	0.000000	60	46.000000	accepted	
14	38.841720	8.586995	1.080564	0.981170	9497.000000	2421.000000	0.714303	0.314404	2935	43.487494	0.000000	50	35.000000	accepted	
15	38.337243	9.371963	0.288500	0.671638	3292.000000	1418.000000	0.556791	0.288143	1505	24.402848	0.000000	78	59.000000	accepted	
16	38.170467	9.537853	0.986999	0.480754	8374.000000	2524.000000	0.603332	0.311909	3106	20.434630	0.000000	86	64.000000	accepted	
17	36.991256	32.600672	3.169392	3.986729	9388.000000	9357.000000	0.469102	0.389672	3856	0.000000	0.000000	341		rejected	I007
18	34.358954	29.226088	2.810157	3.563560	8446.000000	6476.000000	0.400284	0.353005	3640	-1.281392	0.200581	372		rejected	I005
19	34.174727	7.732660	0.197945	0.259557	4689.000000	964.000000	0.566503	0.232182	3287	34.920483	0.000000	91	65.000000	accepted	
20	33.441403	9.116525	0.141369	0.240781	2305.000000	1178.000000	0.521554	0.394257	3203	30.298113	0.000000	104	76.000000	accepted	
21	32.108778	11.974555	9.742719	3.722323	13528.000000	3112.000000	0.633286	0.295745	1109	-5.818146	0.000000	358		rejected	I005
22	29.506569	7.122626	1.671622	1.580673	9798.000000	768.000000	0.497920	0.000000	3084	4.921180	0.000001	100		rejected	I007
23	29.104867	32.089376	7.519649	6.088551	12146.000000	9173.000000	0.447872	0.407932	3643	-11.136764	0.000000	412		rejected	I002;I005
24	24.383067	29.794184	1.366562	1.542398	10442.000000	7833.000000	0.363730	0.382793	4488	-5.204847	0.000000	436		rejected	I002;I004;I005
25	23.238244	16.887231	2.451992	1.922823	6474.000000	3844.000000	0.403439	0.133226	4531	-2.333484	0.020121	423		rejected	I005
26	22.024879	24.519790	2.006471	1.680389	4347.000000	4038.000000	0.380997	0.286772	3998	0.458569	0.646802	176		rejected	I002
27	21.238127	11.377817	0.298915	0.329884	2219.000000	927.000000	0.158466	0.009950	3941	-3.198650	0.001649	455		rejected	I005
28	21.182014	11.891502	0.258395	0.323550	2193.000000	1500.000000	0.130435	0.033389	4054	2.019884	0.048347	186	101.000000	rejected	I010
29	20.448146	16.969762	1.237823	1.386362	8729.000000	5154.000000	0.409951	0.131664	4309	1.187438	0.235840	162	87.000000	rejected	I010
30	19.275311	10.849344	0.139843	0.281785	860.000000	251.000000	0.000000	0.000000	4157	8.348553	0.000000	476	111.000000	rejected	I010
31	17.135566	8.347304	0.295986	0.396136	3959.000000	410.000000	0.391904	0.298137	3459	12.639266	0.000000	135	87.000000	rejected	I010
32	16.016979	20.137168	0.552718	0.637064	2025.000000	2725.000000	0.106544	0.174489	3038	7.365204	0.000000	161		rejected	I002;I003;I004
33	15.922218	10.168497	0.130679	0.242686	1182.000000	266.000000	0.000000	0.000000	4204	7.529580	0.000000	477	112.000000	accepted	
34	15.839504	23.060535	0.467940	0.564056	1446.000000	2103.000000	0.070332	0.142094	2929	0.116301	0.907442	194		rejected	I002;I003;I004
35	15.519101	23.548476	0.860022	1.214409	4272.000000	7741.000000	0.268893	0.444758	3479	-4.355876	0.000014	444		rejected	I002;I003;I004;I005
36	15.504749	23.197320	0.336843	0.442165	1988.000000	1740.000000	0.262102	0.274475	2870	8.137862	0.000000	153		rejected	I002;I004
37	15.416600	16.138859	0.308013	0.395117	2027.000000	1544.000000	0.176629	0.254639	3701	7.138463	0.000000	178		rejected	I002;I004
38	15.333320	10.112625	0.349769	0.483629	3501.000000	1439.000000	0.203587	0.137803	4879	0.000000	0.000000	411	114.000000	rejected	I010
39	14.895528	10.487445	0.305415	0.373846	2664.000000	629.000000	0.075864	0.000000	4664	0.000000	0.000000	419	118.000000	rejected	I010
40	14.718846	19.830459	0.291583	0.398220	598.000000	1647.000000	0.000000	0.216632	3583	8.443500	0.000000	472		rejected	I002;I003;I004
41	14.372984	34.033500	0.194327	0.267942	863.000000	1644.000000	0.289720	0.368720	2707	12.215224	0.000000	153		rejected	I002;I003;I004
42	13.645752	11.446746	0.458719	0.879881	4084.000000	4042.000000	0.337228	0.303371	2596	2.813579	0.004923	142	86.000000	rejected	I010
43	13.173999	14.167305	0.606599	0.452206	1682.000000	754.000000	0.192143	0.252912	4399	1.243069	0.214800	212		rejected	I002;I004
44	13.140058	9.206651	0.501271	0.422548	2179.000000	237.000000	0.281553	0.000000	4931	0.000000	0.000000	418	120.000000	rejected	I010
45	13.082667	16.747402	0.273282	0.388807	1137.000000	1536.000000	0.000000	0.059194	3906	8.505253	0.000000	478		rejected	I002;I003;I004
46	12.156496	8.365646	0.237636	0.260730	1494.000000	953.000000	0.432432	0.194542	4467	8.851825	0.000000	184	104.000000	rejected	I010
47	11.848930	27.496302	0.100943	0.141866	568.000000	998.000000	0.490798	0.569697	3351	20.657782	0.000000	162		rejected	I002;I003;I004
48	11.745119	12.876165	0.162781	0.250099	170.000000	432.000000	0.000000	0.000000	3807	1.834197	0.067254	511		rejected	I002;I003
49	11.266051	21.619502	0.089372	0.135812	426.000000	949.000000	0.448630	0.446166	3870	16.851911	0.000000	185		rejected	I002;I003
50	11.227628	16.038952	0.313978	0.390274	694.000000	1171.000000	0.000000	0.107717	3805	-0.604557	0.545870	723		rejected	I002;I003;I004;I005
51	10.870308	16.761226	0.301873	0.396270	637.000000	916.000000	0.000000	0.000000	3546	-9.738090	0.000000	779		rejected	I002;I003;I005
52	10.666448	34.485089	0.106738	0.172298	605.000000	1210.000000	0.264828	0.282517	3347	11.215130	0.000000	186		rejected	I002;I003;I004
53	10.171511	12.941329	0.147640	0.247610	46.000000	347.000000	0.000000	0.000000	3677	-0.531223	0.595508	820		rejected	I002;I003;I005
54	9.412549	13.664456	0.151302	0.244879	256.000000	1023.000000	0.000000	0.000000	4133	2.522289	0.011917	510		rejected	I002;I003
55	9.118992	7.572433	0.069661	0.121948	816.000000	0.000000	0.121699	0.000000	5141	0.000000	0.000000	455	130.000000	accepted	
56	8.502712	9.167808	0.184940	0.229729	194.000000	382.000000	0.000000	0.000000	3805	-7.546727	0.000000	798		rejected	I002;I003;I005
57	8.432376	7.528400	0.075367	0.143286	162.000000	309.000000	0.000000	0.000000	5138	-3.342280	0.001523	818		rejected	I003;I005
58	8.419266	11.238270	0.081453	0.154544	159.000000	259.000000	0.000000	0.000000	5078	0.000000	0.000000	749		rejected	I002;I003
59	8.398102	7.224945	0.063155	0.122195	886.000000	250.000000	0.333056	0.226415	5224	0.000000	0.000000	448	125.000000	accepted	
60	8.331097	8.977421	0.237756	0.274904	117.000000	367.000000	0.000000	0.000000	3295	-11.621812	0.000000	809		rejected	I002;I003;I005
61	8.221380	7.425005	0.040172	0.100306	0.000000	0.000000	0.000000	0.000000	5301	-0.501550	0.617779	1074		rejected	I005
62	8.106045	7.170419	0.061571	0.140497	143.000000	0.000000	0.000000	0.000000	5239	2.319499	0.024757	555	134.000000	accepted	
63	8.093950	7.674152	0.069726	0.150009	452.000000	138.000000	0.000000	0.000000	5342	0.000000	0.000000	841	137.000000	accepted	
64	8.080265	7.568028	0.045375	0.104239	165.000000	93.000000	0.000000	0.000000	5273	-2.801901	0.007107	832		rejected	I005
65	8.050203	7.430852	0.041693	0.100385	46.000000	0.000000	0.000000	0.000000	5332	0.000000	0.000000	915		ignored	I008
66	7.957190	7.396055	0.045054	0.110552	167.000000	52.000000	0.000000	0.000000	5373	0.000000	0.000000	910		ignored	I008
67	7.957118	7.113906	0.045437	0.100470	300.000000	0.000000	0.000000	0.000000	5332	0.000000	0.000000	821		ignored	I008
68	7.925732	7.198530	0.042609	0.101794	0.000000	0.000000	0.000000	0.000000	5310	0.000000	0.000000	1065		ignored	I008
69	7.898913	7.198938	0.038395	0.095554	58.000000	0.000000	0.000000	0.000000	5303	-2.816595	0.006848	914		ignored	I008
70	7.876104	7.242547	0.040816	0.101111	0.000000	0.000000	0.000000	0.000000	5341	-3.283046	0.001798	1179		rejected	I005
71	7.861851	7.220080	0.036673	0.093960	0.000000	0.000000	0.000000	0.000000	5352	0.000000	0.000000	1129		ignored	I008
72	7.848874	7.198986	0.046079	0.108588	0.000000	0.000000	0.000000	0.000000	5322	0.000000	0.000000	1076		ignored	I008
73	7.845353	6.946445	0.045030	0.106730	277.000000	49.000000	0.000000	0.000000	5309	0.000000	0.000000	791		ignored	I008
74	7.844487	7.018075	0.036713	0.094832	0.000000	0.000000	0.000000	0.000000	5386	-3.322432	0.001687	1258		ignored	I008
75	7.838123	7.228486	0.038628	0.093838	52.000000	0.000000	0.000000	0.000000	5334	0.000000	0.000000	892		ignored	I008
76	7.837114	7.430535	0.037890	0.098312	0.000000	0.000000	0.000000	0.000000	5414	0.000000	0.000000	1219		ignored	I008
77	7.789093	7.386481	0.042006	0.104931	48.000000	0.000000	0.000000	0.000000	5311	0.000000	0.000000	870		ignored	I008
78	7.786151	7.023508	0.039043	0.095788	64.000000	0.000000	0.000000	0.000000	5221	-2.440962	0.017494	851		ignored	I008
79	7.782109	7.130559	0.041861	0.104153	0.000000	0.000000	0.000000	0.000000	5405	0.000000	0.000000	1206		ignored	I008
80	7.780120	7.756840	0.048447	0.113104	98.000000	0.000000	0.000000	0.000000	5281	0.000000	0.000000	788		ignored	I008
81	7.779031	7.246779	0.044182	0.105111	77.000000	0.000000	0.000000	0.000000	5283	0.000000	0.000000	797		ignored	I008
82	7.751818	7.085989	0.038102	0.094290	0.000000	0.000000	0.000000	0.000000	5285	0.000000	0.000000	1018		ignored	I008
83	7.749023	7.302024	0.038414	0.098106	0.000000	0.000000	0.000000	0.000000	5349	0.000000	0.000000	1105		ignored	I008
84	7.736636	6.863843	0.036779	0.092970	0.000000	0.000000	0.000000	0.000000	5351	0.000000	0.000000	1105		ignored	I008
85	7.734078	7.238675	0.040101	0.097769	98.000000	0.000000	0.000000	0.000000	5372	0.000000	0.000000	919		ignored	I008
86	7.732831	7.175504	0.035818	0.093309	0.000000	0.000000	0.000000	0.000000	5264	-2.021831	0.048199	1059		ignored	I008
87	7.732182	7.699113	0.043939	0.107680	0.000000	0.000000	0.000000	0.000000	5186	-1.561756	0.120574	1039		rejected	I005
88	7.712865	7.303509	0.045524	0.106242	110.000000	59.000000	0.000000	0.000000	5295	0.900386	0.372529	607		ignored	I008
89	7.712247	7.182907	0.044879	0.110738	180.000000	0.000000	0.000000	0.000000	5289	0.000000	0.000000	760		ignored	I008
90	7.705931	7.087503	0.041439	0.097762	161.000000	0.000000	0.000000	0.000000	5333	0.000000	0.000000	820		ignored	I008
91	7.701471	7.321609	0.035950	0.094503	0.000000	0.000000	0.000000	0.000000	5363	0.000000	0.000000	1125		ignored	I008
92	7.697861	7.111260	0.038241	0.096895	0.000000	0.000000	0.000000	0.000000	5277	-2.270986	0.027805	1069		ignored	I008
93	7.688578	7.159964	0.039895	0.097126	0.000000	0.000000	0.000000	0.000000	5410	0.000000	0.000000	1197		ignored	I008
94	7.685753	7.488705	0.038647	0.098910	54.000000	0.000000	0.000000	0.000000	5394	0.000000	0.000000	985		ignored	I008
95	7.683688	6.907817	0.041377	0.102285	132.000000	99.000000	0.000000	0.000000	5348	0.000000	0.000000	852		ignored	I008
96	7.678119	7.552736	0.038541	0.097050	50.000000	0.000000	0.000000	0.000000	5293	-2.645634	0.010803	910		ignored	I008
97	7.665512	8.102945	0.046984	0.108609	60.000000	142.000000	0.000000	0.000000	5332	0.000000	0.000000	858		rejected	I002;I003
98	7.656299	7.290837	0.040683	0.102109	0.000000	0.000000	0.000000	0.000000	5384	0.000000	0.000000	1146		ignored	I008
99	7.653794	7.158732	0.049087	0.108935	348.000000	83.000000	0.000000	0.000000	5224	-1.478775	0.144300	780		rejected	I005
100	7.651171	7.126218	0.040502	0.101182	0.000000	0.000000	0.000000	0.000000	5364	-0.170208	0.865582	1154		rejected	I005
101	7.647630	6.865662	0.035577	0.094586	0.000000	0.000000	0.000000	0.000000	5386	-3.322346	0.001245	1245		ignored	I008
102	7.644644	7.046799	0.036730	0.093644	0.000000	0.000000	0.000000	0.000000	5357	0.000000	0.000000	1104		ignored	I008
103	7.633800	7.345827	0.045903	0.103844	0.000000	0.000000	0.000000	0.000000	5342	0.000000	0.000000	1070		ignored	I008
104	7.631953	6.921847	0.040000	0.098349	0.000000	0.000000	0.000000	0.000000	5393	0.000000	0.000000	1159		ignored	I008
105	7.631338	7.241041	0.039960	0.100301	0.000000	0.000000	0.000000	0.000000	5262	0.000000	0.000000	972		ignored	I008
106	7.626238	7.115048	0.038265	0.100170	47.000000	0.000000	0.000000	0.000000	5388	0.000000	0.000000	980		ignored	I008
107	7.623662	6.830512	0.039306	0.097672	63.000000	0.000000	0.000000	0.000000	5315	0.000000	0.000000	832		ignored	I008
108	7.623341	7.477030	0.037478	0.095864	0.000000	0.000000	0.000000	0.000000	5267	0.000000	0.000000	973		ignored	I008
109	7.623084	7.097432	0.034788	0.094185	0.000000	0.000000	0.000000	0.000000	5354	0.000000	0.000000	1086		ignored	I008
110	7.607093	7.114592	0.049943	0.114976	94.000000	130.000000	0.000000	0.000000	5238	0.000000	0.000000	751		rejected	I003
111	7.606347	7.098501	0.039604	0.098012	58.000000	0.000000	0.000000	0.000000	5330	0.000000	0.000000	846		ignored	I008
112	7.597631	7.087755	0.037879	0.097585	62.000000	0.000000	0.000000	0.000000	5340	0.026943	0.978615	708		ignored	I008
113	7.591220	6.809768	0.044734	0.106788	72.000000	0.000000	0.000000	0.000000	5272	0.000000	0.000000	771		ignored	I008
114	7.586090	7.443231	0.039397	0.100769	134.000000	53.000000	0.000000	0.000000	5234	-2.055963	0.042307	811		ignored	I008
115	7.584095	6.850967	0.039156	0.097848	0.000000	0.000000	0.000000	0.000000	5385	0.000000	0.000000	1127		ignored	I008
116	7.583056	7.332712	0.040202	0.097253	0.000000	0.000000	0.000000	0.000000	5318	-3.998973	0.000177	1130		rejected	I005
117	7.581399	6.739955	0.042091	0.103109	54.000000	0.000000	0.000000	0.000000	5345	0.000000	0.000000	877		ignored	I008
118	7.578889	7.448310	0.044935	0.109379	58.000000	0.000000	0.000000	0.000000	5300	1.244414	0.217540	638		ignored	I008
119	7.573624	7.182285	0.046126	0.110401	74.000000	0.000000	0.000000	0.000000	5314	-0.548090	0.586016	870		rejected	I005
120	7.573452	6.899358	0.039918	0.101067	0.000000	0.000000	0.000000	0.000000	5281	0.908056	0.368466	811		ignored	I008
121	7.568445	7.417370	0.037918	0.096493	108.000000	60.000000	0.000000	0.000000	5348	-0.193035	0.847266	895		ignored	I008
122	7.566696	7.243395	0.041966	0.103411	51.000000	0.000000	0.000000	0.000000	5340	0.000000	0.000000	873		ignored	I008
123	7.565635	7.305126	0.036488	0.095376	0.000000	0.000000	0.000000	0.000000	5296	-0.781898	0.437876	1051		ignored	I008
124	7.565087	7.214950	0.041370	0.099245	0.000000	0.000000	0.000000	0.000000	5390	0.000000	0.000000	1131		ignored	I008
125	7.561686	7.289429	0.042726	0.098952	61.000000	0.000000	0.000000	0.000000	5282	0.000000	0.000000	781		ignored	I008
126	7.557731	7.060101	0.041743	0.105412	0.000000	0.000000	0.000000	0.000000	5261	-0.681961	0.498431	1015		rejected	I005
127	7.555511	7.154338	0.035192	0.092024	99.000000	0.000000	0.000000	0.000000	5354	0.076925	0.938997	719		ignored	I008
128	7.555132	7.240841	0.043453	0.103217	0.000000	0.000000	0.000000	0.000000	5356	0.000000	0.000000	1074		ignored	I008
129	7.550137	7.596193	0.045919	0.105555	138.000000	65.000000	0.000000	0.000000	5295	-2.343752	0.022968	850		rejected	I002;I005
130	7.546760	6.976084	0.042416	0.110575	0.000000	0.000000	0.000000	0.000000	5320	2.152589	0.035663	844		ignored	I008
131	7.545225	7.630645	0.044856	0.107405	0.000000	0.000000	0.000000	0.000000	5265	0.000000	0.000000	951		rejected	I002
132	7.544419	7.092606	0.038141	0.096704	55.000000	51.000000	0.000000	0.000000	5434	0.000000	0.000000	1005		ignored	I008
133	7.540617	6.934015	0.036741	0.095163	0.000000	0.000000	0.000000	0.000000	5459	0.000000	0.000000	1191		ignored	I008
134	7.540247	7.452746	0.039888	0.098390	54.000000	0.000000	0.000000	0.000000	5420	0.000000	0.000000	987		ignored	I008
135	7.529127	7.127175	0.037531	0.097162	0.000000	0.000000	0.000000	0.000000	5373	0.000000	0.000000	1094		ignored	I008
136	7.528302	7.040886	0.041846	0.104005	0.000000	0.000000	0.000000	0.000000	5257	0.000000	0.000000	936		ignored	I008
137	7.526991	6.881406	0.039819	0.098919	0.000000	0.000000	0.000000	0.000000	5418	0.000000	0.000000	1151		ignored	I008
138	7.521247	7.584261	0.039712	0.098858	59.000000	0.000000	0.000000	0.000000	5316	0.119976	0.904869	679		rejected	I002
139	7.518872	6.912499	0.037002	0.093205	0.000000	0.000000	0.000000	0.000000	5373	0.000000	0.000000	1089		ignored	I008
140	7.516379	7.112118	0.043103	0.103602	0.000000	0.000000	0.000000	0.000000	5319	0.857664	0.395529	848		ignored	I008
141	7.512777	7.391248	0.043959	0.105514	186.000000	53.000000	0.000000	0.000000	5421	0.000000	0.000000	924		ignored	I008
142	7.512501	7.267144	0.042286	0.102732	0.000000	46.000000	0.000000	0.000000	5426	0.000000	0.000000	1155		ignored	I008
143	7.512329	6.930368	0.041903	0.099263	50.000000	0.000000	0.000000	0.000000	5311	0.000000	0.000000	822		ignored	I008
144	7.511814	7.085905	0.038255	0.097765	0.000000	0.000000	0.000000	0.000000	5391	0.000000	0.000000	1106		ignored	I008
145	7.509814	7.093903	0.040415	0.098518	46.000000	98.000000	0.000000	0.000000	5369	-3.411680	0.001175	1060		rejected	I003;I005
146	7.505672	7.223618	0.041951	0.099636	72.000000	0.000000	0.000000	0.000000	5350	0.000000	0.000000	850		ignored	I008
147	7.505638	11.350022	0.071201	0.139227	159.000000	1149.000000	0.000000	0.000000	5039	-5.609323	0.000000	825		rejected	I002;I003;I005
148	7.499148	7.089000	0.040866	0.099096	105.000000	0.000000	0.000000	0.000000	5475	0.000000	0.000000	972		ignored	I008
149	7.491106	7.270868	0.040044	0.096038	53.000000	0.000000	0.000000	0.000000	5345	0.000000	0.000000	862		ignored	I008
150	7.485630	7.141807	0.037676	0.095603	99.000000	0.000000	0.000000	0.000000	5346	0.000000	0.000000	825		ignored	I008
151	7.482928	7.699990	0.045585	0.108474	0.000000	116.000000	0.000000	0.000000	5324	0.000000	0.000000	987		rejected	I002
152	7.481445	7.801767	0.037066	0.096068	0.000000	0.000000	0.000000	0.000000	5385	0.000000	0.000000	1087		rejected	I002
153	7.481204	6.782715	0.039412	0.097743	48.000000	0.000000	0.000000	0.000000	5337	0.000000	0.000000	854		ignored	I008
154	7.479681	6.830616	0.040256	0.102646	0.000000	0.000000	0.000000	0.000000	5352	-2.385129	0.019976	1147		rejected	I005
155	7.475454	7.486273	0.041205	0.096880	82.000000	0.000000	0.000000	0.000000	5397	0.000000	0.000000	923		rejected	I002
156	7.475398	7.316257	0.040194	0.099859	68.000000	90.000000	0.000000	0.000000	5385	0.000000	0.000000	906		rejected	I003
157	7.474397	7.250521	0.039004	0.099233	0.000000	0.000000	0.000000	0.000000	5369	-3.135815	0.002920	1188		ignored	I008
158	7.473415	7.614785	0.041237	0.099501	0.000000	120.000000	0.000000	0.000000	5406	0.000000	0.000000	1116		rejected	I002
159	7.468690	6.902675	0.038958	0.096109	47.000000	0.000000	0.000000	0.000000	5391	0.000000	0.000000	950		ignored	I008
160	7.463246	6.955477	0.039702	0.102616	0.000000	0.000000	0.000000	0.000000	5353	0.000000	0.000000	1029		ignored	I008
161	7.459574	6.860058	0.045825	0.113661	0.000000	0.000000	0.000000	0.000000	5292	0.000000	0.000000	930		ignored	I008
162	7.456522	7.158031	0.038096	0.096110	71.000000	0.000000	0.000000	0.000000	5352	-2.576150	0.012412	975		ignored	I008
163	7.453974	7.093847	0.038894	0.096666	0.000000	0.000000	0.000000	0.000000	5381	0.000000	0.000000	1063		ignored	I008
164	7.446113	7.208630	0.038196	0.101974	0.000000	0.000000	0.000000	0.000000	5366	-0.460578	0.647239	1130		ignored	I008
165	7.445788	7.333182	0.042188	0.098874	169.000000	56.000000	0.000000	0.000000	5425	0.000000	0.000000	911		ignored	I008
166	7.445389	6.819708	0.037521	0.096193	0.000000	0.000000	0.000000	0.000000	5285	0.000000	0.000000	920		ignored	I008
167	7.444542	6.725169	0.037870	0.094153	0.000000	46.000000	0.000000	0.000000	5336	1.123347	0.265815	852		ignored	I008
168	7.444183	6.868267	0.036593	0.092218	0.000000	0.000000	0.000000	0.000000	5346	-0.941587	0.349482	1099		ignored	I008
169	7.443360	7.499302	0.036749	0.092955	0.000000	0.000000	0.000000	0.000000	5417	0.000000	0.000000	1111		rejected	I002
170	7.437614	6.928158	0.041859	0.099689	151.000000	78.000000	0.000000	0.000000	5361	0.000000	0.000000	826		ignored	I008
171	7.437513	7.288856	0.035601	0.093036	0.000000	0.000000	0.000000	0.000000	5344	0.000000	0.000000	991		ignored	I008
172	7.436420	7.098026	0.040698	0.103562	0.000000	0.000000	0.000000	0.000000	5358	0.000000	0.000000	1020		ignored	I008
173	7.430640	7.017516	0.038979	0.098723	50.000000	0.000000	0.000000	0.000000	5129	-2.398787	0.017249	864		ignored	I008
174	7.428117	7.493009	0.036498	0.095990	0.000000	0.000000	0.000000	0.000000	5348	2.343594	0.022384	860		rejected	I002
175	7.427006	7.113753	0.036973	0.097066	0.000000	0.000000	0.000000	0.000000	5311	0.456226	0.649927	823		ignored	I008
176	7.423944	7.103437	0.038349	0.097524	56.000000	0.000000	0.000000	0.000000	5388	0.000000	0.000000	914		ignored	I008
177	7.421555	7.278070	0.042960	0.107200	0.000000	0.000000	0.000000	0.000000	5303	0.000000	0.000000	928		ignored	I008
178	7.415409	7.183043	0.042364	0.101561	0.000000	0.000000	0.000000	0.000000	5365	0.000000	0.000000	1025		ignored	I008
179	7.412179	7.181960	0.040284	0.100879	46.000000	0.000000	0.000000	0.000000	5388	0.000000	0.000000	939		ignored	I008
180	7.409337	7.389238	0.046353	0.115184	111.000000	120.000000	0.000000	0.000000	5378	0.000000	0.000000	854		rejected	I003
181	7.408873	7.275981	0.042121	0.102322	114.000000	47.000000	0.000000	0.000000	5276	0.000000	0.000000	706		ignored	I008
182	7.408180	7.140741	0.035933	0.095063	101.000000	114.000000	0.000000	0.000000	5444	0.000000	0.000000	942		rejected	I003
183	7.406092	7.339361	0.045664	0.109792	195.000000	71.000000	0.000000	0.000000	5346	0.000000	0.000000	773		ignored	I008
184	7.405170	6.910999	0.038647	0.101190	0.000000	0.000000	0.000000	0.000000	5391	0.000000	0.000000	1059		ignored	I008
185	7.400190	6.836154	0.036020	0.093813	0.000000	0.000000	0.000000	0.000000	5427	0.000000	0.000000	1104		ignored	I008
186	7.394186	7.180657	0.034709	0.091809	0.000000	0.000000	0.000000	0.000000	5336	-1.527990	0.129484	1081		ignored	I008
187	7.393242	7.303409	0.039890	0.097296	0.000000	0.000000	0.000000	0.000000	5267	0.000000	0.000000	880		ignored	I008
188	7.391655	7.470407	0.040567	0.098049	53.000000	0.000000	0.000000	0.000000	5294	0.000000	0.000000	758		rejected	I002
189	7.386836	7.126600	0.036926	0.093337	0.000000	0.000000	0.000000	0.000000	5362	0.000000	0.000000	1004		ignored	I008
190	7.381792	7.428200	0.037335	0.096335	0.000000	0.000000	0.000000	0.000000	5404	0.000000	0.000000	1069		rejected	I002
191	7.381384	7.109258	0.037354	0.094661	0.000000	0.000000	0.000000	0.000000	5365	0.000000	0.000000	1007		ignored	I008
192	7.375375	7.184064	0.041037	0.104489	49.000000	0.000000	0.000000	0.000000	5095	-2.292557	0.022752	862		rejected	I005
193	7.367206	7.355415	0.038268	0.097464	0.000000	0.000000	0.000000	0.000000	5301	-0.018469	0.985340	999		ignored	I008
194	7.363412	7.188587	0.043704	0.107516	46.000000	0.000000	0.000000	0.000000	5391	0.000000	0.000000	932		ignored	I008
195	7.362246	7.297951	0.039026	0.096166	157.000000	0.000000	0.000000	0.000000	5208	-1.507508	0.134874	793		ignored	I008
196	7.361932	7.042795	0.037172	0.095380	0.000000	54.000000	0.000000	0.000000	5341	0.000000	0.000000	955		ignored	I008
197	7.353679	7.187765	0.039206	0.099070	0.000000	117.000000	0.000000	0.000000	5351	0.000000	0.000000	970		ignored	I008
198	7.353191	7.600019	0.042285	0.100256	0.000000	0.000000	0.000000	0.000000	5323	0.000000	0.000000	923		rejected	I002
199	7.352103	6.882423	0.033904	0.091425	0.000000	0.000000	0.000000	0.000000	5304	-0.609611	0.544829	1014		ignored	I008
200	7.351571	7.604478	0.039508	0.099779	0.000000	0.000000	0.000000	0.000000	5504	0.000000	0.000000	1108		rejected	I002
201	7.350941	7.259675	0.039808	0.098411	97.000000	118.000000	0.000000	0.000000	5262	0.816255	0.416307	593		rejected	I003
202	7.348088	7.304172	0.040584	0.097530	84.000000	0.000000	0.000000	0.000000	5363	0.000000	0.000000	832		ignored	I008
203	7.345684	6.798657	0.038616	0.097814	0.000000	0.000000	0.000000	0.000000	5352	0.000000	0.000000	970		ignored	I008
204	7.345079	6.898921	0.037500	0.095296	0.000000	0.000000	0.000000	0.000000	5431	0.000000	0.000000	1081		ignored	I008
205	7.344736	7.323034	0.042065	0.101369	56.000000	70.000000	0.000000	0.000000	5294	-2.060747	0.043389	886		rejected	I003;I005
206	7.341272	6.978008	0.035928	0.090383	0.000000	0.000000	0.000000	0.000000	5332	0.000000	0.000000	924		ignored	I008
207	7.337199	7.028615	0.038568	0.098685	0.000000	0.000000	0.000000	0.000000	5351	-2.408267	0.020122	1111		ignored	I008
208	7.337051	6.829917	0.034951	0.092211	0.000000	0.000000	0.000000	0.000000	5333	-1.850478	0.070170	1066		ignored	I008
209	7.336250	7.290685	0.035820	0.092801	0.000000	0.000000	0.000000	0.000000	5280	-2.491180	0.014224	1014		ignored	I008
210	7.335023	7.740623	0.038232	0.097488	0.000000	51.000000	0.000000	0.000000	5441	0.000000	0.000000	1082		rejected	I002
211	7.334580	7.063181	0.041104	0.101522	46.000000	0.000000	0.000000	0.000000	5361	0.000000	0.000000	872		ignored	I008
212	7.332620	6.969486	0.038744	0.099465	0.000000	0.000000	0.000000	0.000000	5393	0.000000	0.000000	1027		ignored	I008
213	7.331089	6.855680	0.038206	0.096706	0.000000	0.000000	0.000000	0.000000	5369	0.000000	0.000000	986		ignored	I008
214	7.330726	7.325504	0.037566	0.095671	0.000000	0.000000	0.000000	0.000000	5403	0.000000	0.000000	1034		ignored	I008
215	7.330378	6.920506	0.038079	0.098779	46.000000	0.000000	0.000000	0.000000	5432	0.000000	0.000000	967		ignored	I008
216	7.329878	6.803738	0.037872	0.097928	0.000000	0.000000	0.000000	0.000000	5356	0.000000	0.000000	959		ignored	I008
217	7.329001	7.040992	0.036516	0.094690	0.000000	0.000000	0.000000	0.000000	5354	-0.825617	0.412710	1087		ignored	I008
218	7.322816	7.346855	0.040298	0.104477	0.000000	117.000000	0.000000	0.000000	5351	0.000000	0.000000	942		rejected	I002
219	7.322644	7.170744	0.037357	0.094265	0.000000	0.000000	0.000000	0.000000	5368	0.000000	0.000000	973		ignored	I008
220	7.322318	7.662188	0.041030	0.100689	0.000000	0.000000	0.000000	0.000000	5305	0.000000	0.000000	869		rejected	I002
221	7.320642	7.075181	0.039902	0.101323	0.000000	0.000000	0.000000	0.000000	5346	0.000000	0.000000	927		ignored	I008
222	7.320611	7.014026	0.037571	0.095663	0.000000	0.000000	0.000000	0.000000	5392	0.000000	0.000000	1005		ignored	I008
223	7.320025	7.136970	0.041596	0.102888	0.000000	0.000000	0.000000	0.000000	5429	0.000000	0.000000	1049		ignored	I008
224	7.319008	7.585927	0.036482	0.093470	0.000000	0.000000	0.000000	0.000000	5314	-4.878605	0.000012	1064		rejected	I002
225	7.318804	7.544030	0.054444	0.124762	0.000000	0.000000	0.000000	0.000000	5288	0.000000	0.000000	838		rejected	I002
226	7.315512	7.093055	0.040537	0.099829	0.000000	230.000000	0.000000	0.000000	5338	-1.372587	0.175985	1050		rejected	I005
227	7.314711	7.458890	0.037346	0.096443	0.000000	0.000000	0.000000	0.000000	5362	0.000000	0.000000	949		rejected	I002
228	7.314428	7.116657	0.037680	0.095240	0.000000	0.000000	0.000000	0.000000	5382	0.000000	0.000000	974		ignored	I008
229	7.312855	6.717560	0.041877	0.106943	0.000000	0.000000	0.000000	0.000000	5335	0.000000	0.000000	890		ignored	I008
230	7.310046	7.390537	0.038246	0.100503	0.000000	0.000000	0.000000	0.000000	5401	0.000000	0.000000	1003		rejected	I002
231	7.307897	7.083307	0.035873	0.090886	0.000000	0.000000	0.000000	0.000000	5358	0.000000	0.000000	935		ignored	I008
232	7.304954	7.032998	0.034395	0.090440	66.000000	0.000000	0.000000	0.000000	5335	-3.194146	0.002205	947		ignored	I008
233	7.304556	7.087222	0.040145	0.098289	0.000000	0.000000	0.000000	0.000000	5371	0.000000	0.000000	954		ignored	I008
234	7.303239	7.215358	0.041602	0.103341	83.000000	101.000000	0.000000	0.000000	5311	0.000000	0.000000	724		rejected	I003
235	7.302955	7.131214	0.035720	0.094819	0.000000	0.000000	0.000000	0.000000	5381	0.000000	0.000000	960		ignored	I008
236	7.302404	7.143157	0.034833	0.094109	0.000000	0.000000	0.000000	0.000000	5408	0.000000	0.000000	1008		ignored	I008
237	7.297420	8.161147	0.043657	0.107139	0.000000	56.000000	0.000000	0.000000	5340	1.585455	0.119614	804		rejected	I002
238	7.295630	7.228652	0.038183	0.096980	0.000000	0.000000	0.000000	0.000000	5264	-2.448786	0.017122	979		ignored	I008
239	7.295446	7.323425	0.042835	0.104865	101.000000	50.000000	0.000000	0.000000	5457	0.000000	0.000000	905		rejected	I002
240	7.295171	7.338778	0.036670	0.092489	64.000000	0.000000	0.000000	0.000000	5437	0.000000	0.000000	916		rejected	I002
241	7.294282	7.444004	0.035580	0.092422	0.000000	0.000000	0.000000	0.000000	5296	-2.183618	0.034134	998		rejected	I002
242	7.294148	6.985329	0.039770	0.099200	101.000000	0.000000	0.000000	0.000000	5343	0.000000	0.000000	752		ignored	I008
243	7.292513	7.268086	0.038455	0.096225	0.000000	0.000000	0.000000	0.000000	5326	0.249378	0.803901	793		ignored	I008
244	7.288804	7.218425	0.035824	0.091390	46.000000	0.000000	0.000000	0.000000	5301	0.000000	0.000000	749		ignored	I008
245	7.287700	7.360363	0.050697	0.117383	0.000000	50.000000	0.000000	0.000000	5307	0.000000	0.000000	835		rejected	I002
246	7.285494	6.927651	0.038344	0.098436	0.000000	0.000000	0.000000	0.000000	5359	0.000000	0.000000	918		ignored	I008
247	7.285274	7.745438	0.042479	0.104606	0.000000	0.000000	0.000000	0.000000	5269	0.000000	0.000000	793		rejected	I002
248	7.285070	7.116754	0.038043	0.095709	0.000000	0.000000	0.000000	0.000000	5406	0.000000	0.000000	988		ignored	I008
249	7.280566	6.963989	0.038263	0.095339	72.000000	0.000000	0.000000	0.000000	5257	-4.428177	0.000022	870		ignored	I008
250	7.278418	6.735716	0.039995	0.096741	56.000000	0.000000	0.000000	0.000000	5403	0.000000	0.000000	881		ignored	I008
251	7.278188	7.473510	0.039430	0.099079	0.000000	0.000000	0.000000	0.000000	5383	0.000000	0.000000	944		rejected	I002
252	7.272457	7.395865	0.038072	0.095288	0.000000	0.000000	0.000000	0.000000	5405	0.000000	0.000000	981		rejected	I002
253	7.271795	6.921000	0.036848	0.095792	0.000000	0.000000	0.000000	0.000000	5420	0.000000	0.000000	994		ignored	I008
254	7.269318	7.500518	0.036974	0.096833	0.000000	0.000000	0.000000	0.000000	5305	1.194820	0.238330	749		rejected	I002
255	7.267818	7.228280	0.039551	0.100108	0.000000	0.000000	0.000000	0.000000	5393	0.000000	0.000000	961		ignored	I008
256	7.264315	6.889106	0.039614	0.098648	0.000000	0.000000	0.000000	0.000000	5436	0.000000	0.000000	1006		ignored	I008
257	7.262874	7.211168	0.036110	0.094056	0.000000	0.000000	0.000000	0.000000	5386	0.000000	0.000000	942		ignored	I008
258	7.255366	7.066130	0.039482	0.101948	0.000000	0.000000	0.000000	0.000000	5398	0.000000	0.000000	961		ignored	I008
259	7.253774	6.820768	0.035644	0.094448	0.000000	0.000000	0.000000	0.000000	5449	0.000000	0.000000	1009		ignored	I008
260	7.250380	7.254862	0.038871	0.096860	117.000000	0.000000	0.000000	0.000000	5408	0.000000	0.000000	844		rejected	I002
261	7.244907	7.106367	0.042726	0.103739	118.000000	0.000000	0.000000	0.000000	5407	0.000000	0.000000	840		ignored	I008
262	7.242931	6.982544	0.035380	0.093818	0.000000	0.000000	0.000000	0.000000	5425	0.000000	0.000000	984		ignored	I008
263	7.242028	7.002750	0.038347	0.097281	0.000000	55.000000	0.000000	0.000000	5420	0.000000	0.000000	978		ignored	I008
264	7.234934	7.108945	0.038545	0.096988	0.000000	0.000000	0.000000	0.000000	5339	-1.568631	0.121469	1029		ignored	I008
265	7.232545	6.945517	0.039978	0.100624	0.000000	0.000000	0.000000	0.000000	5369	-1.437654	0.156287	1084		rejected	I005
266	7.231146	7.208978	0.040266	0.100093	0.000000	0.000000	0.000000	0.000000	5395	-0.559583	0.577659	1109		rejected	I005
267	7.229918	6.724654	0.037274	0.096255	0.000000	0.000000	0.000000	0.000000	5209	-2.758710	0.008257	949		ignored	I008
268	7.227081	7.076427	0.039554	0.096132	0.000000	0.000000	0.000000	0.000000	5312	0.000000	0.000000	807		ignored	I008
269	7.226738	6.984666	0.041022	0.100007	96.000000	68.000000	0.000000	0.000000	5354	-0.800560	0.427477	938		rejected	I005
270	7.221492	6.926632	0.034569	0.092316	0.000000	0.000000	0.000000	0.000000	5431	0.000000	0.000000	983		ignored	I008
271	7.219312	6.878269	0.039945	0.099322	0.000000	0.000000	0.000000	0.000000	5365	-1.623497	0.110673	1078		rejected	I005
272	7.217315	7.545224	0.036311	0.096426	0.000000	0.000000	0.000000	0.000000	5406	0.000000	0.000000	954		rejected	I002
273	7.213643	7.370978	0.037887	0.096534	0.000000	0.000000	0.000000	0.000000	5392	0.000000	0.000000	930		rejected	I002
274	7.211053	6.934599	0.034417	0.089875	0.000000	0.000000	0.000000	0.000000	5494	0.000000	0.000000	996		ignored	I008
275	7.206829	7.206244	0.039783	0.098971	74.000000	0.000000	0.000000	0.000000	5436	0.000000	0.000000	882		ignored	I008
276	7.204855	7.254806	0.035275	0.092835	0.000000	0.000000	0.000000	0.000000	5447	0.000000	0.000000	983		rejected	I002
277	7.201675	6.855440	0.038511	0.097690	0.000000	0.000000	0.000000	0.000000	5366	0.000000	0.000000	883		ignored	I008
278	7.201374	7.195891	0.038641	0.099472	0.000000	0.000000	0.000000	0.000000	5384	0.000000	0.000000	903		ignored	I008
279	7.199401	6.952463	0.034691	0.092220	0.000000	0.000000	0.000000	0.000000	5381	0.000000	0.000000	895		ignored	I008
280	7.195327	6.927760	0.037436	0.098841	0.000000	0.000000	0.000000	0.000000	5302	-1.307235	0.195072	959		ignored	I008
281	7.194236	7.321754	0.034950	0.092704	0.000000	50.000000	0.000000	0.000000	5352	0.000000	0.000000	851		rejected	I002
282	7.185855	7.372790	0.035255	0.093313	0.000000	0.000000	0.000000	0.000000	5415	0.000000	0.000000	943		rejected	I002
283	7.185401	6.959716	0.037832	0.096532	0.000000	0.000000	0.000000	0.000000	5287	-1.148443	0.253152	934		ignored	I008
284	7.184240	6.673233	0.038084	0.096498	47.000000	0.000000	0.000000	0.000000	5395	0.000000	0.000000	871		ignored	I008
285	7.182591	7.147287	0.036904	0.095020	0.000000	0.000000	0.000000	0.000000	5363	0.000000	0.000000	864		ignored	I008
286	7.177363	7.497935	0.038722	0.099586	48.000000	0.000000	0.000000	0.000000	5337	0.000000	0.000000	758		rejected	I002
287	7.174385	7.699130	0.042689	0.101446	0.000000	0.000000	0.000000	0.000000	5295	-0.826389	0.412274	939		rejected	I002;I005
288	7.174170	7.319124	0.038449	0.097289	143.000000	0.000000	0.000000	0.000000	5489	0.000000	0.000000	860		rejected	I002
289	7.168134	6.975598	0.034369	0.093172	0.000000	0.000000	0.000000	0.000000	5541	0.000000	0.000000	975		ignored	I008
290	7.168034	7.328550	0.038869	0.097859	0.000000	0.000000	0.000000	0.000000	5301	-1.840060	0.070516	960		rejected	I002
291	7.162757	6.616343	0.037849	0.094353	48.000000	0.000000	0.000000	0.000000	5306	-0.704037	0.484434	897		ignored	I008
292	7.161935	6.954467	0.036369	0.094828	0.000000	0.000000	0.000000	0.000000	5447	0.000000	0.000000	961		ignored	I008
293	7.157906	6.976892	0.037534	0.097391	0.000000	0.000000	0.000000	0.000000	5372	-1.056033	0.296468	1059		ignored	I008
294	7.153061	6.869669	0.036919	0.096268	0.000000	0.000000	0.000000	0.000000	5295	-0.010609	0.991569	915		ignored	I008
295	7.148995	6.962413	0.037420	0.096676	0.000000	0.000000	0.000000	0.000000	5402	0.000000	0.000000	911		ignored	I008
296	7.147710	6.922004	0.040872	0.104019	0.000000	49.000000	0.000000	0.000000	5326	-3.292265	0.001633	1011		rejected	I005
297	7.133780	6.943672	0.037649	0.095844	0.000000	0.000000	0.000000	0.000000	5457	0.000000	0.000000	958		ignored	I008
298	7.131100	7.152198	0.039741	0.102175	0.000000	0.000000	0.000000	0.000000	5419	0.000000	0.000000	925		rejected	I002
299	7.124766	6.814264	0.035715	0.095181	47.000000	46.000000	0.000000	0.000000	5403	0.000000	0.000000	869		ignored	I008
300	7.117734	6.908085	0.033964	0.089932	0.000000	0.000000	0.000000	0.000000	5452	0.000000	0.000000	951		ignored	I008
301	7.115823	7.006642	0.041305	0.103500	50.000000	0.000000	0.000000	0.000000	5374	0.000000	0.000000	813		ignored	I008
302	7.096535	7.350889	0.035005	0.094645	0.000000	0.000000	0.000000	0.000000	5326	-0.210436	0.834009	953		rejected	I002
303	7.091784	7.049863	0.038444	0.097554	0.000000	0.000000	0.000000	0.000000	5358	0.000000	0.000000	832		ignored	I008
304	7.085578	6.981310	0.034870	0.091158	0.000000	0.000000	0.000000	0.000000	5325	-0.233066	0.816709	949		ignored	I008
305	7.084048	6.985121	0.043511	0.103440	0.000000	0.000000	0.000000	0.000000	5331	0.000000	0.000000	771		ignored	I008
306	7.080133	7.027617	0.037127	0.095262	0.000000	0.000000	0.000000	0.000000	5441	0.000000	0.000000	937		ignored	I008
307	7.071502	7.023031	0.035948	0.095710	0.000000	0.000000	0.000000	0.000000	5429	0.000000	0.000000	925		ignored	I008
308	7.066245	7.221961	0.036201	0.094204	0.000000	0.000000	0.000000	0.000000	5483	0.000000	0.000000	943		rejected	I002
309	7.057547	6.533163	0.036559	0.095282	0.000000	0.000000	0.000000	0.000000	5392	0.000000	0.000000	876		ignored	I008
310	7.053122	7.509467	0.036646	0.094800	0.000000	0.000000	0.000000	0.000000	5388	0.123037	0.902525	849		rejected	I002
311	7.042934	6.942504	0.037353	0.093793	47.000000	0.000000	0.000000	0.000000	5385	0.000000	0.000000	829		ignored	I008
312	7.041445	7.170898	0.038719	0.095474	0.000000	0.000000	0.000000	0.000000	5351	0.000000	0.000000	800		rejected	I002
313	7.033510	7.108942	0.037495	0.097481	0.000000	0.000000	0.000000	0.000000	5294	-0.173770	0.862574	898		rejected	I002
314	7.030275	7.405823	0.038374	0.097503	0.000000	0.000000	0.000000	0.000000	5425	0.000000	0.000000	908		rejected	I002
315	7.024335	6.992347	0.036458	0.097695	0.000000	0.000000	0.000000	0.000000	5381	0.000000	0.000000	843		ignored	I008
316	7.010432	7.012281	0.033406	0.089930	0.000000	0.000000	0.000000	0.000000	5382	0.000000	0.000000	843		rejected	I002
317	6.987582	6.897398	0.037506	0.100806	0.000000	0.000000	0.000000	0.000000	5351	1.161017	0.251639	769		ignored	I008
318	6.960905	6.987397	0.038768	0.098275	0.000000	0.000000	0.000000	0.000000	5314	0.000000	0.000000	735		rejected	I002
319	6.959446	7.386878	0.037721	0.099553	0.000000	0.000000	0.000000	0.000000	5424	0.000000	0.000000	896		rejected	I002
320	6.916885	7.304344	0.037814	0.096555	0.000000	0.000000	0.000000	0.000000	5401	0.000000	0.000000	869		rejected	I002
321	6.909271	7.115205	0.038953	0.096795	0.000000	0.000000	0.000000	0.000000	5312	0.000000	0.000000	726		rejected	I002
322	6.908603	6.641062	0.035943	0.093531	0.000000	0.000000	0.000000	0.000000	5426	0.000000	0.000000	895		ignored	I008
323	6.902253	6.869829	0.034499	0.091349	0.000000	0.000000	0.000000	0.000000	5406	0.000000	0.000000	874		ignored	I008
324	6.896604	7.096217	0.035483	0.093767	0.000000	0.000000	0.000000	0.000000	5336	-0.498525	0.620464	949		rejected	I002
325	6.869992	6.924071	0.037766	0.096119	0.000000	0.000000	0.000000	0.000000	5311	0.714413	0.477176	706		rejected	I002
326	6.854877	7.451688	0.033185	0.089472	0.000000	0.000000	0.000000	0.000000	5426	0.000000	0.000000	890		rejected	I002
327	6.798918	7.252971	0.036281	0.095591	0.000000	0.000000	0.000000	0.000000	5438	0.000000	0.000000	899		rejected	I002
328	6.751302	7.313408	0.040370	0.101263	0.000000	0.000000	0.000000	0.000000	5394	-1.161557	0.250814	1067		rejected	I002;I005
